1999 4248 2342
5707 851 4604
8495 4836 1085
8515 4591 3132
9539 8020 3534
5360 5546 2225
5245 8259 1213
7447 1138 5448
5670 7147 1622
4982 7470 7797
9538 4739 7741
7517 3616 9472
1650 4629 4475
3478 5565 9540
9799 9090 7054
5041 8804 7268
5175 1702 6348
8559 7823 1195
797 2354 8321
5380 1601 4291
8256 6307 4662
605 2520 5617
935 4712 7554
4059 6563 3322
1689 2282 5900
1412 5101 5875
9138 1335 5714
4648 8663 7238
3442 5658 2006
4521 8742 9445
3978 618 3843
2075 866 9811
815 569 5928
657 8470 2809
7881 392 9805
1886 8624 8251
4413 6948 1834
8321 7287 4904
2803 8451 89
5946 5286 2477
1667 8098 7134
950 3984 4707
451 5586 727
6931 2269 2362
5064 854 2685
9659 1056 8744
785 6319 2367
1884 9462 1814
6485 2595 2079
5366 5251 5239
7882 4545 5393
1792 2201 847
3450 3519 3352
4504 5726 2322
9046 7267 5307
5444 9765 947
4655 9744 9336
7768 7896 4807
885 7648 5016
6385 38 7474
1208 6960 3475
6346 7254 5161
6886 4496 2225
7112 9619 7818
3101 7195 5165
4694 1615 360
4838 853 3837
1899 3633 6344
7541 5798 5783
5619 9644 8040
9831 4389 5726
4887 2680 7754
1223 5385 9477
6395 8969 7233
9437 8738 1003
8240 5375 8098
7456 5288 8648
7503 6541 6885
8964 6047 1389
3385 305 4537
6045 9495 5986
3049 1713 801
6448 1790 1374
7997 3625 5896
3043 8215 8204
1885 2100 3282
8459 1797 4379
8153 2090 6837
6404 3399 4270
2256 4727 4581
3515 91 5303
567 8977 3211
1478 8017 861
1833 454 6079
5758 4557 5916
669 7906 1377
7241 8302 5497
9254 7601 7227
240 9181 510
480 5169 5874
5491 9897 5863
7738 2349 3423
5906 7748 4581
1070 2141 941
9250 3155 1638
3026 3387 5735
1066 1279 5492
9072 7270 4627
3365 780 8877
5154 8331 5292
7338 1401 9821
1623 500 6109
2340 8186 5647
4973 8911 6887
1773 8384 1220
8653 2804 5163
6906 9100 4451
5825 8707 6142
7426 3070 8483
992 8889 8868
1565 236 2132
753 3298 9447
1768 4781 182
8124 7981 8951
2607 1700 8760
8855 4775 8780
3460 6803 182
834 4513 6754
7709 7173 6681
9994 4288 150
4829 703 4941
4319 1894 6292
9971 8486 8434
4726 2100 1508
3976 9903 3425
1050 8207 6613
3201 9510 7002
8601 2685 2840
4260 6818 2509
6100 5554 75
1416 4221 3751
6995 2560 7704
9880 6438 5038
725 4810 3341
3839 3500 8560
8343 966 1651
4463 2468 4141
2785 4784 2654
7207 4537 2932
9986 8097 8932
4897 109 6081
5055 9207 4488
9897 5762 336
1937 2313 4434
5253 2150 4700
4638 6587 6853
7268 8942 8753
9616 6755 3121
5302 2393 3579
8530 6756 5390
4720 8485 8208
7029 6920 4189
5128 2411 7212
1934 3935 2004
4199 6099 1171
7013 4074 1825
1401 4344 9905
7131 9305 1965
1378 6724 5890
4977 4893 8789
2194 3792 668
1618 6444 8419
4342 9143 2196
7060 5456 3093
5714 2966 4159
4840 520 828
473 1811 5900
2831 7579 1749
3977 4967 1679
3100 6902 6185
6223 1318 1699
6530 7558 8972
5335 5538 2367
2220 6724 8874
4681 7404 5520
9402 1684 9341
9810 8737 3063
7185 6102 6693
8220 4695 5380
8947 9319 9163
8408 7809 5848
7332 1962 6975
8117 7203 5202
8830 2980 1803
2031 2022 4944
4687 944 7787
9768 7266 8605
5833 5701 4857
7209 4445 9576
1789 8511 4934
2519 2106 8598
2369 3149 724
295 5422 1717
8607 2607 3739
6638 8654 6678
6724 7448 8007
1443 701 1174
2786 676 8715
2138 5027 227
7629 6003 7453
4138 7638 4366
6028 9581 645
5770 1177 966
6924 2693 6006
2946 3983 1718
3892 579 7591
5916 8430 2410
2596 4253 5848
8889 299 2760
3743 4179 9959
6140 282 4174
4260 6513 4832
7322 2508 8080
4410 7728 699
2616 315 1923
4669 936 5822
1673 1052 9710
8937 5270 911
1360 3841 8813
2616 7155 910
7224 3773 73
7928 1918 6820
4519 4521 8390
9316 4570 7688
2318 7835 1056
8814 7223 3938
497 1567 186
1707 5672 5681
4711 8998 8456
3787 1396 8713
392 7169 7762
2198 5510 1610
8346 4128 2830
6337 4923 7167
3131 7487 4615
5107 5684 2472
571 5187 5851
3176 5845 3877
3736 3991 6215
5519 7380 5380
1732 9923 1404
4846 16 3256
3454 5000 6503
6378 6313 2751
8193 6169 3143
4544 7771 8304
6924 59 4421
4472 2919 797
6137 3058 4710
601 5862 9968
203 2287 436
5447 3901 8308
6967 3504 5672
3643 6002 2857
4289 5944 4674
2203 6072 1405
5835 8058 5119
4758 1145 390
1812 8355 7054
9875 561 8388
2656 683 6065
5944 7525 4432
9771 6832 5799
4181 4670 6885
30 2144 7065
8799 4602 1196
8570 2473 3883
8175 185 3275
4722 6478 3048
1720 6352 6539
7196 3610 3333
5368 523 1859
8791 551 4996
9959 5836 9845
6161 2292 4848
4819 4970 8384
3039 5885 8064
6558 643 6467
3768 7454 4931
6104 6276 9388
9296 5801 9747
5641 9676 4110
7400 8407 4679
9087 8054 5359
8981 9520 4038
2578 1790 8667
9886 1938 3444
5083 856 1927
3624 8080 3906
8383 4033 9859
5578 1332 4313
8276 849 6813
1780 1645 9241
1688 7892 9678
2524 1278 4457
436 5536 6678
4989 6694 8825
4643 7370 8132
1386 5191 4797
9727 5146 2044
5681 7825 3407
4480 87 1522
1358 450 7627
5866 7894 9849
9262 5122 4524
3746 3404 8903
8930 65 4894
1307 7866 8706
3988 3367 6513
9451 1280 2107
9159 4083 3687
5283 9122 152
6050 9489 4201
7537 2696 737
7637 540 3384
823 3536 7643
8473 9865 33
8241 8853 5226
3088 679 7195
9708 8739 8755
8446 7392 1867
4450 9101 3782
5112 3155 6800
7998 2420 3850
4009 8727 7904
830 2199 2299
2182 5409 5789
872 5165 5757
8348 1004 6398
531 7088 8080
1471 7270 5493
50 5773 9673
8098 4708 4916
8821 5903 8348
4525 2166 5641
58 764 679
1267 5135 6989
8927 1379 3146
1177 5076 2036
1011 3455 7774
433 9158 2942
4756 1257 9268
8384 3579 4184
5431 7606 8407
7929 6619 6687
7976 3573 7326
931 8961 7429
4920 6213 5866
1662 6828 1082
3225 9040 7992
7118 8431 6765
9238 7474 3835
3130 142 1285
4883 9929 5799
4671 6997 3001
5485 7441 7696
3048 2618 8273
1994 8977 9673
160 8513 6417
8720 2193 944
4740 8122 3395
4491 6998 8602
9236 9775 8469
7348 1709 7280
1194 7131 9402
3900 3828 8513
4876 9383 8422
7131 2824 4562
8319 4777 4010
5114 4268 2531
6753 4337 9060
6564 9885 5881
4520 2393 8503
2759 8521 1333
6611 2028 3861
3710 8780 5552
5251 6974 6339
5947 5520 3294
2292 3441 7142
412 3136 3711
662 1620 5073
9021 7268 5525
6728 4922 8803
3978 418 2661
4834 6992 9241
3036 3058 6782
7856 915 6282
9152 628 862
6487 9381 2068
3424 4082 1482
5647 7450 4265
1895 3794 1985
3225 6364 9164
5990 2167 2195
6154 2327 1626
169 1575 604
958 981 401
3548 5093 7067
4763 2240 8288
5769 1292 5323
493 1170 9199
6202 3078 1019
9071 3988 7188
2036 255 8474
9802 1581 2924
6784 9673 6197
9440 9516 7778
7844 8457 7159
4637 6788 4378
3362 9917 6042
4229 252 8116
6031 3786 2385
7806 9711 4888
163 876 7778
6267 590 2575
760 934 3088
2724 9856 4190
755 3435 1140
7668 2945 8889
8434 6460 3309
8315 8586 8349
8581 4139 9131
6446 7268 3505
2413 9102 4161
2807 2112 3888
6106 1730 7827
5630 6845 5384
871 2036 3887
553 9751 4244
8351 4843 6958
3839 9531 5534
9621 2273 9506
8359 5347 3460
9558 5056 1143
5378 9389 2593
7693 1900 2151
6225 3477 1821
3170 3191 3197
8041 7915 3771
2840 6219 5231
1683 9303 8871
5150 6349 5980
7818 6695 5425
6955 5203 22
7173 1523 848
8944 8763 7647
1661 4461 8371
7656 6969 7237
6076 1985 2230
7151 1003 7121
2367 1031 9861
1985 5158 5450
5138 3007 4539
95 9531 1844
3498 8607 6910
1305 6284 8040
9083 4407 77
5121 1960 8708
6977 7340 4300
3044 8188 9583
7197 6638 3623
2468 2664 1187
1783 6876 5270
4963 6764 236
1620 4234 1470
4059 8674 1394
8760 8945 3378
1050 5090 2807
2908 5032 4487
447 6909 4802
4168 7743 598
5039 6991 1716
289 5344 37
8526 989 7920
3142 5038 9075
7880 5900 6041
1734 9376 6817
8408 8859 5139
3646 5537 2384
9227 9664 258
2673 2773 6692
2078 1501 354
1967 5086 6411
230 2646 6146
1798 5166 8680
9119 7919 1794
2075 9751 230
5542 8135 7595
7937 5058 2182
5908 2448 4744
